124402445991
857043635997
784567916537
194577503123
776144969933
816325948119
347475755042
537383527303
692303567565
191179393595
954261307346
799996945952
231758402929
788836110028
661540319277
785995706513
427782908691
525002150896
52947062078
583022494042
605887450339
903177139463
507909403682
615153146279
235011048054
903712002943
575933917227
695142771298
922344029349
314633895187
642836726014
434605594991
10681408837
900792992276
760871876095
10714007473
471737730915
76454826633
814206553517
365793917807
385234884965
775506522797
258675691293
428953151110
489272537608
568823421370
887794546362
386913530835
190416985921
302975659143
558475390922
266382945397
780347857998
957679980913
159685725058
822489147126
731137344867
844937819864
268770763652
709572611006
608529992328
198274177019
225644426326
428469413592
718365187546
510542512525
224933405558
215131496049
461603854058
483965058669
557078307535
371691451081
909654997275
588944383148
583049974269
128779466313
258204045582
742305606138
6956325230
313094483633
442230964441
996717091494
799029409598
758729286702
570061161321
736196419349
645276402494
777907900595
543639116160
755041482688
796730194479
673447919173
296654079567
583748284043
355900706922
50354476386
810396746144
102148080401
898849115972
100716905269